address	end_address	status	pseudocode_file	runtime_label	error
101dbf6c0	101dbf727	decompiled	chunks/005/functions-000330.c		
101dbf728	101dbf77b	decompiled	chunks/005/functions-000330.c		
101dbf77c	101dbfbab	decompiled	chunks/005/functions-000330.c		
101dbfbac	101dbfc07	decompiled	chunks/005/functions-000330.c		
101dbfc08	101dbfc23	decompiled	chunks/005/functions-000330.c		
101dbfc24	101dbfe0b	decompiled	chunks/005/functions-000330.c		
101dbfe0c	101dbfe77	decompiled	chunks/005/functions-000330.c		
101dbfe78	101dbfee3	decompiled	chunks/005/functions-000330.c		
101dbfee4	101dbff33	decompiled	chunks/005/functions-000330.c		
101dbff34	101dbff7b	decompiled	chunks/005/functions-000330.c		
101dbff7c	101dc00b3	decompiled	chunks/005/functions-000330.c		
101dc00b4	101dc0187	decompiled	chunks/005/functions-000330.c		
101dc0188	101dc01f3	decompiled	chunks/005/functions-000330.c		
101dc01f4	101dc020b	decompiled	chunks/005/functions-000330.c		
101dc020c	101dc02d3	decompiled	chunks/005/functions-000330.c		
101dc02d4	101dc0313	decompiled	chunks/005/functions-000330.c		
101dc0314	101dc033b	decompiled	chunks/005/functions-000330.c		
101dc033c	101dc0403	decompiled	chunks/005/functions-000330.c		
101dc0404	101dc0443	decompiled	chunks/005/functions-000330.c		
101dc0444	101dc05ff	decompiled	chunks/005/functions-000330.c		
101dc0600	101dc064f	decompiled	chunks/005/functions-000330.c		
101dc0650	101dc069f	decompiled	chunks/005/functions-000330.c		
101dc06a0	101dc06df	decompiled	chunks/005/functions-000330.c		
101dc06e0	101dc06fb	decompiled	chunks/005/functions-000330.c		
101dc06fc	101dc073f	decompiled	chunks/005/functions-000330.c		
101dc0740	101dc081f	decompiled	chunks/005/functions-000330.c		
101dc0820	101dc0853	decompiled	chunks/005/functions-000330.c		
101dc0854	101dc0863	decompiled	chunks/005/functions-000330.c	-[MemoriesCollageSnapdocGeneratorServices .cxx_destruct]	
101dc0864	101dc0e73	decompiled	chunks/005/functions-000330.c		
101dc0e74	101dc0e87	decompiled	chunks/005/functions-000330.c		
101dc0e88	101dc0ebf	decompiled	chunks/005/functions-000330.c		
101dc0ec0	101dc0edb	decompiled	chunks/005/functions-000330.c		
101dc0edc	101dc1023	decompiled	chunks/005/functions-000330.c		
101dc1024	101dc1047	decompiled	chunks/005/functions-000330.c		
101dc1048	101dc1057	decompiled	chunks/005/functions-000330.c		
101dc1058	101dc1203	decompiled	chunks/005/functions-000330.c		
101dc1204	101dc1237	decompiled	chunks/005/functions-000330.c	-[_TtC28SCMemoriesAISnapsManagerImpl34SCMemoriesAISnapsGenerationCommand getGalleryCollectionSnapClientData]	
101dc1238	101dc124f	decompiled	chunks/005/functions-000330.c	-[_TtC28SCMemoriesAISnapsManagerImpl34SCMemoriesAISnapsGenerationCommand getGeneratedSnapsCount]	
101dc1250	101dc1257	decompiled	chunks/005/functions-000330.c	-[_TtC28SCMemoriesAISnapsManagerImpl34SCMemoriesAISnapsGenerationCommand getTotalGenerationsCount]	
101dc1258	101dc125f	decompiled	chunks/005/functions-000330.c	-[_TtC28SCMemoriesAISnapsManagerImpl34SCMemoriesAISnapsGenerationCommand getClientExpectedTotalGenerationsCount]	
101dc1260	101dc1267	decompiled	chunks/005/functions-000330.c	-[_TtC28SCMemoriesAISnapsManagerImpl34SCMemoriesAISnapsGenerationCommand priority]	
101dc1268	101dc126f	decompiled	chunks/005/functions-000330.c	-[_TtC28SCMemoriesAISnapsManagerImpl34SCMemoriesAISnapsGenerationCommand clientProcessingBitMaskType]	
101dc1270	101dc1433	decompiled	chunks/005/functions-000330.c		
101dc1434	101dc1467	decompiled	chunks/005/functions-000330.c	-[_TtC28SCMemoriesAISnapsManagerImpl34SCMemoriesAISnapsGenerationCommand getClientGenLatency]	
101dc1468	101dc1607	decompiled	chunks/005/functions-000330.c		
101dc1608	101dc166f	decompiled	chunks/005/functions-000330.c		
101dc1670	101dc16a3	decompiled	chunks/005/functions-000330.c	-[_TtC28SCMemoriesAISnapsManagerImpl34SCMemoriesAISnapsGenerationCommand execute]	
101dc16a4	101dc1903	decompiled	chunks/005/functions-000330.c		
101dc1904	101dc1dfb	decompiled	chunks/005/functions-000330.c		
101dc1dfc	101dc1e4b	decompiled	chunks/005/functions-000330.c	-[_TtC28SCMemoriesAISnapsManagerImpl34SCMemoriesAISnapsGenerationCommand generationDidFinish:]	
101dc1e4c	101dc1e53	decompiled	chunks/005/functions-000330.c	-[_TtC28SCMemoriesAISnapsManagerImpl34SCMemoriesAISnapsGenerationCommand disposeUponCompletion]	
101dc1e54	101dc1eb3	decompiled	chunks/005/functions-000330.c	-[_TtC28SCMemoriesAISnapsManagerImpl34SCMemoriesAISnapsGenerationCommand init]	
101dc1eb4	101dc1f1f	decompiled	chunks/005/functions-000330.c	-[_TtC28SCMemoriesAISnapsManagerImpl34SCMemoriesAISnapsGenerationCommand .cxx_destruct]	
101dc1f20	101dc1f27	decompiled	chunks/005/functions-000330.c		
101dc1f28	101dc1f5f	decompiled	chunks/005/functions-000330.c		
101dc1f60	101dc1ffb	decompiled	chunks/005/functions-000330.c		
101dc1ffc	101dc2007	decompiled	chunks/005/functions-000330.c		
101dc2008	101dc2027	decompiled	chunks/005/functions-000330.c		
101dc2028	101dc2043	decompiled	chunks/005/functions-000330.c		
101dc2044	101dc206f	decompiled	chunks/005/functions-000330.c		
101dc2070	101dc209b	decompiled	chunks/005/functions-000330.c		
101dc209c	101dc2197	decompiled	chunks/005/functions-000330.c		
101dc2198	101dc2213	decompiled	chunks/005/functions-000330.c		
101dc2214	101dc226f	decompiled	chunks/005/functions-000330.c		
101dc2270	101dc2307	decompiled	chunks/005/functions-000330.c		
101dc2308	101dc2367	decompiled	chunks/005/functions-000330.c		
101dc2368	101dc24bf	decompiled	chunks/005/functions-000330.c		
101dc24c0	101dc2543	decompiled	chunks/005/functions-000330.c		
101dc2544	101dc25df	decompiled	chunks/005/functions-000330.c		
101dc25e0	101dc2697	decompiled	chunks/005/functions-000330.c		
101dc2698	101dc272f	decompiled	chunks/005/functions-000330.c		
101dc2730	101dc27cf	decompiled	chunks/005/functions-000330.c		
101dc27d0	101dc27e7	decompiled	chunks/005/functions-000330.c		
101dc27e8	101dc30bb	decompiled	chunks/005/functions-000330.c		
101dc30bc	101dc310f	decompiled	chunks/005/functions-000330.c		
101dc3110	101dc33a7	decompiled	chunks/005/functions-000330.c		
101dc33a8	101dc33bf	decompiled	chunks/005/functions-000330.c		
101dc33c0	101dc358f	decompiled	chunks/005/functions-000330.c		
101dc3590	101dc35fb	decompiled	chunks/005/functions-000330.c		
101dc35fc	101dc3667	decompiled	chunks/005/functions-000330.c		
101dc3668	101dc37e3	decompiled	chunks/005/functions-000330.c		
101dc37e4	101dc37fb	decompiled	chunks/005/functions-000330.c		
101dc37fc	101dc38f3	decompiled	chunks/005/functions-000330.c		
101dc38f4	101dc3947	decompiled	chunks/005/functions-000330.c		
101dc3948	101dc39f3	decompiled	chunks/005/functions-000330.c		
101dc39f4	101dc3b1b	decompiled	chunks/005/functions-000330.c		
101dc3b1c	101dc3c5f	decompiled	chunks/005/functions-000330.c	-[_TtC28SCMemoriesAISnapsManagerImpl28SCMemoriesAISnapsManagerImpl submitAISnapGenerationWithRequest:completionHandler:]	
101dc3c60	101dc3cd3	decompiled	chunks/005/functions-000330.c		
101dc3cd4	101dc3d83	decompiled	chunks/005/functions-000330.c		
101dc3d84	101dc3d9f	decompiled	chunks/005/functions-000330.c		
101dc3da0	101dc3fbb	decompiled	chunks/005/functions-000330.c		
101dc3fbc	101dc400f	decompiled	chunks/005/functions-000330.c		
101dc4010	101dc422f	decompiled	chunks/005/functions-000330.c		
101dc4230	101dc4ed7	decompiled	chunks/005/functions-000330.c		
101dc4ed8	101dc4f37	decompiled	chunks/005/functions-000330.c	-[_TtC28SCMemoriesAISnapsManagerImpl28SCMemoriesAISnapsManagerImpl init]	
101dc4f38	101dc4fcf	decompiled	chunks/005/functions-000330.c	-[_TtC28SCMemoriesAISnapsManagerImpl28SCMemoriesAISnapsManagerImpl .cxx_destruct]	
101dc4fd0	101dc4fef	decompiled	chunks/005/functions-000330.c		
101dc4ff0	101dc505b	decompiled	chunks/005/functions-000330.c		
101dc505c	101dc5097	decompiled	chunks/005/functions-000330.c		
101dc5098	101dc510f	decompiled	chunks/005/functions-000330.c		
101dc5110	101dc5177	decompiled	chunks/005/functions-000331.c		
101dc5178	101dc51fb	decompiled	chunks/005/functions-000331.c		
101dc51fc	101dc523b	decompiled	chunks/005/functions-000331.c		
101dc523c	101dc5247	decompiled	chunks/005/functions-000331.c		
101dc5248	101dc5353	decompiled	chunks/005/functions-000331.c		
101dc5354	101dc53d3	decompiled	chunks/005/functions-000331.c		
101dc53d4	101dc53eb	decompiled	chunks/005/functions-000331.c		
101dc53ec	101dc54b3	decompiled	chunks/005/functions-000331.c		
101dc54b4	101dc54f3	decompiled	chunks/005/functions-000331.c		
101dc54f4	101dc5503	decompiled	chunks/005/functions-000331.c		
101dc5504	101dc56bf	decompiled	chunks/005/functions-000331.c		
101dc56c0	101dc56cb	decompiled	chunks/005/functions-000331.c		
101dc56cc	101dc56ef	decompiled	chunks/005/functions-000331.c		
101dc56f0	101dc575b	decompiled	chunks/005/functions-000331.c		
101dc575c	101dc5783	decompiled	chunks/005/functions-000331.c		
101dc5784	101dc5803	decompiled	chunks/005/functions-000331.c		
101dc5804	101dc5853	decompiled	chunks/005/functions-000331.c		
101dc5854	101dc586f	decompiled	chunks/005/functions-000331.c		
101dc5870	101dc58bb	decompiled	chunks/005/functions-000331.c		
101dc58bc	101dc5913	decompiled	chunks/005/functions-000331.c	-[MemoriesLocationDataProviderV2 initWithDataServices:]	
101dc5914	101dc5c5f	decompiled	chunks/005/functions-000331.c		
101dc5c60	101dc5da3	decompiled	chunks/005/functions-000331.c		
101dc5da4	101dc5dcb	decompiled	chunks/005/functions-000331.c		
101dc5dcc	101dc5e8b	decompiled	chunks/005/functions-000331.c		
101dc5e8c	101dc616b	decompiled	chunks/005/functions-000331.c		
101dc616c	101dc61c3	decompiled	chunks/005/functions-000331.c		
101dc61c4	101dc6213	decompiled	chunks/005/functions-000331.c		
101dc6214	101dc6227	decompiled	chunks/005/functions-000331.c		
101dc6228	101dc628b	decompiled	chunks/005/functions-000331.c	-[MemoriesLocationDataProviderV2 fetchLocationMemoriesIdsWithMinLatitude:maxLatitude:minLongitude:maxLongitude:]	
101dc628c	101dc62bf	decompiled	chunks/005/functions-000331.c		
101dc62c0	101dc62cf	decompiled	chunks/005/functions-000331.c	-[MemoriesLocationDataProviderV2 .cxx_destruct]	
101dc62d0	101dc633b	decompiled	chunks/005/functions-000331.c		
101dc633c	101dc64f7	decompiled	chunks/005/functions-000331.c		
101dc64f8	101dc6537	decompiled	chunks/005/functions-000331.c		
101dc6538	101dc6547	decompiled	chunks/005/functions-000331.c		
101dc6548	101dc6587	decompiled	chunks/005/functions-000331.c		
101dc6588	101dc66af	decompiled	chunks/005/functions-000331.c		
101dc66b0	101dc672f	decompiled	chunks/005/functions-000331.c		
101dc6730	101dc6847	decompiled	chunks/005/functions-000331.c		
101dc6848	101dc6867	decompiled	chunks/005/functions-000331.c		
101dc6868	101dc68f7	decompiled	chunks/005/functions-000331.c		
101dc68f8	101dc6937	decompiled	chunks/005/functions-000331.c		
101dc6938	101dc699f	decompiled	chunks/005/functions-000331.c		
101dc69a0	101dc6a03	decompiled	chunks/005/functions-000331.c		
101dc6a04	101dc6a1f	decompiled	chunks/005/functions-000331.c		
101dc6a20	101dc6b1b	decompiled	chunks/005/functions-000331.c		
101dc6b1c	101dc6b6f	decompiled	chunks/005/functions-000331.c		
101dc6b70	101dc6f4f	decompiled	chunks/005/functions-000331.c		
101dc6f50	101dc72ff	decompiled	chunks/005/functions-000331.c		
101dc7300	101dc7317	decompiled	chunks/005/functions-000331.c		
101dc7318	101dc77a3	decompiled	chunks/005/functions-000331.c		
101dc77a4	101dc77fb	decompiled	chunks/005/functions-000331.c		
101dc77fc	101dc7923	decompiled	chunks/005/functions-000331.c		
101dc7924	101dc799f	decompiled	chunks/005/functions-000331.c		
101dc79a0	101dc79bf	decompiled	chunks/005/functions-000331.c		
101dc79c0	101dc79db	decompiled	chunks/005/functions-000331.c		
101dc79dc	101dc7a07	decompiled	chunks/005/functions-000331.c		
101dc7a08	101dc7a1b	decompiled	chunks/005/functions-000331.c		
101dc7a1c	101dc7a5b	decompiled	chunks/005/functions-000331.c		
101dc7a5c	101dc7a7f	decompiled	chunks/005/functions-000331.c		
101dc7a80	101dc7a9f	decompiled	chunks/005/functions-000331.c		
101dc7aa0	101dc7b1b	decompiled	chunks/005/functions-000331.c	-[_TtC40MemoriesShakeToReportLoggingServicesImpl27MemoriesShakeToReportLogger logWithCategory:message:time:entryId:snapId:]	
101dc7b1c	101dc7b8f	decompiled	chunks/005/functions-000331.c	-[_TtC40MemoriesShakeToReportLoggingServicesImpl27MemoriesShakeToReportLogger logWithCategory:message:entryId:snapId:]	
101dc7b90	101dc7b93	decompiled	chunks/005/functions-000331.c	-[_TtC40MemoriesShakeToReportLoggingServicesImpl27MemoriesShakeToReportLogger registerWithContextProvider:]	
101dc7b94	101dc7b97	decompiled	chunks/005/functions-000331.c	-[_TtC40MemoriesShakeToReportLoggingServicesImpl27MemoriesShakeToReportLogger dumpThreadsWithInvokerCategory:]	
101dc7b98	101dc7cbf	decompiled	chunks/005/functions-000331.c		
101dc7cc0	101dc7d1f	decompiled	chunks/005/functions-000331.c		
101dc7d20	101dc7d27	decompiled	chunks/005/functions-000331.c		
101dc7d28	101dc7d83	decompiled	chunks/005/functions-000331.c		
101dc7d84	101dc7d93	decompiled	chunks/005/functions-000331.c		
101dc7d94	101dc7db7	decompiled	chunks/005/functions-000331.c		
101dc7db8	101dc7dcb	decompiled	chunks/005/functions-000331.c		
101dc7dcc	101dc7e8f	decompiled	chunks/005/functions-000331.c		
101dc7e90	101dc83af	decompiled	chunks/005/functions-000331.c		
101dc83b0	101dc83c3	decompiled	chunks/005/functions-000331.c		
101dc83c4	101dc83fb	decompiled	chunks/005/functions-000331.c		
101dc83fc	101dc8417	decompiled	chunks/005/functions-000331.c		
101dc8418	101dc8453	decompiled	chunks/005/functions-000331.c		
101dc8454	101dc84bf	decompiled	chunks/005/functions-000331.c		
101dc84c0	101dc8543	decompiled	chunks/005/functions-000331.c		
101dc8544	101dc85ab	decompiled	chunks/005/functions-000331.c		
101dc85ac	101dc876b	decompiled	chunks/005/functions-000331.c		
101dc876c	101dc8783	decompiled	chunks/005/functions-000331.c		
101dc8784	101dc8837	decompiled	chunks/005/functions-000331.c		
101dc8838	101dc88bb	decompiled	chunks/005/functions-000331.c		
101dc88bc	101dc8923	decompiled	chunks/005/functions-000331.c		
101dc8924	101dc897f	decompiled	chunks/005/functions-000331.c		
101dc8980	101dc89eb	decompiled	chunks/005/functions-000331.c		
101dc89ec	101dc8a3b	decompiled	chunks/005/functions-000331.c		
101dc8a3c	101dc8a73	decompiled	chunks/005/functions-000331.c		
101dc8a74	101dc8b97	decompiled	chunks/005/functions-000331.c		
101dc8b98	101dc8bcb	decompiled	chunks/005/functions-000331.c	-[_TtC31MemoriesPrivateEntriesPurgeImpl32MemoriesPrivateEntriesPurgerImpl purgePrivateEntriesRemotelyThenLocally]	
101dc8bcc	101dc8c27	decompiled	chunks/005/functions-000331.c	-[_TtC31MemoriesPrivateEntriesPurgeImpl32MemoriesPrivateEntriesPurgerImpl init]	
101dc8c28	101dc8caf	decompiled	chunks/005/functions-000331.c	-[_TtC31MemoriesPrivateEntriesPurgeImpl32MemoriesPrivateEntriesPurgerImpl .cxx_destruct]	
101dc8cb0	101dc8ccf	decompiled	chunks/005/functions-000331.c		
101dc8cd0	101dc8d33	decompiled	chunks/005/functions-000331.c		
101dc8d34	101dc8d6f	decompiled	chunks/005/functions-000331.c		
101dc8d70	101dc8d9b	decompiled	chunks/005/functions-000331.c		
101dc8d9c	101dc8da3	decompiled	chunks/005/functions-000331.c		
101dc8da4	101dc8def	decompiled	chunks/005/functions-000331.c		
101dc8df0	101dc8eeb	decompiled	chunks/005/functions-000332.c		
101dc8eec	101dc8fff	decompiled	chunks/005/functions-000332.c		
101dc9000	101dc9043	decompiled	chunks/005/functions-000332.c		
101dc9044	101dc905b	decompiled	chunks/005/functions-000332.c		
101dc905c	101dc9237	decompiled	chunks/005/functions-000332.c		
101dc9238	101dc929b	decompiled	chunks/005/functions-000332.c		
101dc929c	101dc9347	decompiled	chunks/005/functions-000332.c		
101dc9348	101dc9557	decompiled	chunks/005/functions-000332.c		
101dc9558	101dc95df	decompiled	chunks/005/functions-000332.c		
101dc95e0	101dc9673	decompiled	chunks/005/functions-000332.c		
101dc9674	101dc97a3	decompiled	chunks/005/functions-000332.c		
101dc97a4	101dc97c7	decompiled	chunks/005/functions-000332.c		
101dc97c8	101dc9a03	decompiled	chunks/005/functions-000332.c		
101dc9a04	101dc9a2f	decompiled	chunks/005/functions-000332.c		
101dc9a30	101dc9a6f	decompiled	chunks/005/functions-000332.c		
101dc9a70	101dc9aaf	decompiled	chunks/005/functions-000332.c		
101dc9ab0	101dc9acb	decompiled	chunks/005/functions-000332.c		
101dc9acc	101dc9cd3	decompiled	chunks/005/functions-000332.c		
101dc9cd4	101dc9d53	decompiled	chunks/005/functions-000332.c		
101dc9d54	101dc9db7	decompiled	chunks/005/functions-000332.c		
101dc9db8	101dc9dbb	decompiled	chunks/005/functions-000332.c		
101dc9dbc	101dc9dfb	decompiled	chunks/005/functions-000332.c		
101dc9dfc	101dc9f77	decompiled	chunks/005/functions-000332.c		
101dc9f78	101dca4d3	decompiled	chunks/005/functions-000332.c		
101dca4d4	101dca537	decompiled	chunks/005/functions-000332.c		
101dca538	101dca5eb	decompiled	chunks/005/functions-000332.c		
101dca5ec	101dca73b	decompiled	chunks/005/functions-000332.c		
101dca73c	101dca7d3	decompiled	chunks/005/functions-000332.c		
101dca7d4	101dca80b	decompiled	chunks/005/functions-000332.c		
101dca80c	101dcaa6f	decompiled	chunks/005/functions-000332.c		
101dcaa70	101dcae73	decompiled	chunks/005/functions-000332.c		
101dcae74	101dcae7b	decompiled	chunks/005/functions-000332.c		
101dcae7c	101dcaebb	decompiled	chunks/005/functions-000332.c		
101dcaebc	101dcaf6f	decompiled	chunks/005/functions-000332.c		
101dcaf70	101dcb0bb	decompiled	chunks/005/functions-000332.c		
101dcb0bc	101dcb11f	decompiled	chunks/005/functions-000332.c		
101dcb120	101dcb16f	decompiled	chunks/005/functions-000332.c		
101dcb170	101dcb1bf	decompiled	chunks/005/functions-000332.c		
101dcb1c0	101dcb2ef	decompiled	chunks/005/functions-000332.c		
101dcb2f0	101dcb34b	decompiled	chunks/005/functions-000332.c		
101dcb34c	101dcb397	decompiled	chunks/005/functions-000332.c		
101dcb398	101dcb5a7	decompiled	chunks/005/functions-000332.c		
101dcb5a8	101dcb623	decompiled	chunks/005/functions-000332.c		
101dcb624	101dcb767	decompiled	chunks/005/functions-000332.c		
101dcb768	101dcb7f7	decompiled	chunks/005/functions-000332.c		
101dcb7f8	101dcba2b	decompiled	chunks/005/functions-000332.c		
101dcba2c	101dcba8b	decompiled	chunks/005/functions-000332.c		
101dcba8c	101dcbb7b	decompiled	chunks/005/functions-000332.c		
101dcbb7c	101dcbbbb	decompiled	chunks/005/functions-000332.c		
101dcbbbc	101dcbc27	decompiled	chunks/005/functions-000332.c		
101dcbc28	101dcbc2f	decompiled	chunks/005/functions-000332.c		
101dcbc30	101dcbc8b	decompiled	chunks/005/functions-000332.c		
101dcbc8c	101dcbca3	decompiled	chunks/005/functions-000332.c		
101dcbca4	101dcbedb	decompiled	chunks/005/functions-000332.c		
101dcbedc	101dcbeef	decompiled	chunks/005/functions-000332.c		
101dcbef0	101dcbf1b	decompiled	chunks/005/functions-000332.c		
101dcbf1c	101dcbf2b	decompiled	chunks/005/functions-000332.c		
101dcbf2c	101dcc023	decompiled	chunks/005/functions-000332.c		
101dcc024	101dcc113	decompiled	chunks/005/functions-000332.c		
101dcc114	101dcc213	decompiled	chunks/005/functions-000332.c		
101dcc214	101dcc22b	decompiled	chunks/005/functions-000332.c		
101dcc22c	101dcc2cb	decompiled	chunks/005/functions-000332.c		
101dcc2cc	101dcc2db	decompiled	chunks/005/functions-000332.c		
101dcc2dc	101dcc6ef	decompiled	chunks/005/functions-000332.c		
101dcc6f0	101dcc78f	decompiled	chunks/005/functions-000332.c		
101dcc790	101dcc793	decompiled	chunks/005/functions-000332.c		
101dcc794	101dcc7d7	decompiled	chunks/005/functions-000332.c		
101dcc7d8	101dcc7e7	decompiled	chunks/005/functions-000332.c		
101dcc7e8	101dcc81f	decompiled	chunks/005/functions-000332.c		
101dcc820	101dcc827	decompiled	chunks/005/functions-000332.c		
101dcc828	101dcc8c7	decompiled	chunks/005/functions-000332.c		
101dcc8c8	101dcc913	decompiled	chunks/005/functions-000332.c		
101dcc914	101dcc917	decompiled	chunks/005/functions-000332.c		
101dcc918	101dcc97b	decompiled	chunks/005/functions-000332.c		
101dcc97c	101dccb53	decompiled	chunks/005/functions-000332.c		
101dccb54	101dccbdb	decompiled	chunks/005/functions-000332.c		
101dccbdc	101dccd0b	decompiled	chunks/005/functions-000332.c		
101dccd0c	101dccd2b	decompiled	chunks/005/functions-000332.c		
101dccd2c	101dcce47	decompiled	chunks/005/functions-000332.c		
101dcce48	101dcce53	decompiled	chunks/005/functions-000332.c		
101dcce54	101dcce6b	decompiled	chunks/005/functions-000332.c		
101dcce6c	101dcceab	decompiled	chunks/005/functions-000332.c		
101dcceac	101dcd027	decompiled	chunks/005/functions-000332.c		
101dcd028	101dcd037	decompiled	chunks/005/functions-000332.c		
101dcd038	101dcd077	decompiled	chunks/005/functions-000332.c		
101dcd078	101dcd147	decompiled	chunks/005/functions-000332.c		
101dcd148	101dcd14f	decompiled	chunks/005/functions-000332.c		
101dcd150	101dcd1c3	decompiled	chunks/005/functions-000332.c		
101dcd1c4	101dcd24b	decompiled	chunks/005/functions-000332.c		
101dcd24c	101dcd2f7	decompiled	chunks/005/functions-000332.c		
101dcd2f8	101dcd2fb	decompiled	chunks/005/functions-000332.c		
101dcd2fc	101dcd33b	decompiled	chunks/005/functions-000332.c		
101dcd33c	101dcd4af	decompiled	chunks/005/functions-000332.c		
101dcd4b0	101dcd547	decompiled	chunks/005/functions-000332.c		
101dcd548	101dcd5a7	decompiled	chunks/005/functions-000332.c	-[_TtC26MemoriesNetworkingServices26MemoriesNetworkingServices init]	
101dcd5a8	101dcd5b7	decompiled	chunks/005/functions-000332.c	-[_TtC26MemoriesNetworkingServices26MemoriesNetworkingServices .cxx_destruct]	
101dcd5b8	101dcd7a3	decompiled	chunks/005/functions-000332.c		
101dcd7a4	101dcd85b	decompiled	chunks/005/functions-000332.c		
101dcd85c	101dcd85f	decompiled	chunks/005/functions-000332.c		
101dcd860	101dcd8ab	decompiled	chunks/005/functions-000332.c		
101dcd8ac	101dcd8c3	decompiled	chunks/005/functions-000333.c		
101dcd8c4	101dcd8e7	decompiled	chunks/005/functions-000333.c		
101dcd8e8	101dcd8f7	decompiled	chunks/005/functions-000333.c		
101dcd8f8	101dcd963	decompiled	chunks/005/functions-000333.c		
101dcd964	101dcda9f	decompiled	chunks/005/functions-000333.c		
101dcdaa0	101dcdd4f	decompiled	chunks/005/functions-000333.c		
101dcdd50	101dcde23	decompiled	chunks/005/functions-000333.c		
101dcde24	101dcdf67	decompiled	chunks/005/functions-000333.c		
101dcdf68	101dce1fb	decompiled	chunks/005/functions-000333.c		
101dce1fc	101dce44f	decompiled	chunks/005/functions-000333.c		
101dce450	101dce4bb	decompiled	chunks/005/functions-000333.c		
101dce4bc	101dce5a3	decompiled	chunks/005/functions-000333.c		
101dce5a4	101dce6cb	decompiled	chunks/005/functions-000333.c		
101dce6cc	101dce8bb	decompiled	chunks/005/functions-000333.c		
101dce8bc	101dce957	decompiled	chunks/005/functions-000333.c		
101dce958	101dceb9b	decompiled	chunks/005/functions-000333.c		
101dceb9c	101dcec53	decompiled	chunks/005/functions-000333.c		
101dcec54	101dcee5b	decompiled	chunks/005/functions-000333.c		
101dcee5c	101dcf103	decompiled	chunks/005/functions-000333.c		
101dcf104	101dcf22f	decompiled	chunks/005/functions-000333.c		
101dcf230	101dcf3fb	decompiled	chunks/005/functions-000333.c		
101dcf3fc	101dcf52b	decompiled	chunks/005/functions-000333.c		
101dcf52c	101dcf5bf	decompiled	chunks/005/functions-000333.c		
101dcf5c0	101dcf65f	decompiled	chunks/005/functions-000333.c		
101dcf660	101dcf793	decompiled	chunks/005/functions-000333.c		
101dcf794	101dcf81b	decompiled	chunks/005/functions-000333.c		
101dcf81c	101dcf94f	decompiled	chunks/005/functions-000333.c		
101dcf950	101dcfa2f	decompiled	chunks/005/functions-000333.c		
101dcfa30	101dcfbb3	decompiled	chunks/005/functions-000333.c		
101dcfbb4	101dcff3b	decompiled	chunks/005/functions-000333.c		
101dcff3c	101dcffaf	decompiled	chunks/005/functions-000333.c		
101dcffb0	101dd0023	decompiled	chunks/005/functions-000333.c		
101dd0024	101dd007f	decompiled	chunks/005/functions-000333.c		
101dd0080	101dd018b	decompiled	chunks/005/functions-000333.c		
101dd018c	101dd03fb	decompiled	chunks/005/functions-000333.c		
101dd03fc	101dd0737	decompiled	chunks/005/functions-000333.c		
101dd0738	101dd0a1f	decompiled	chunks/005/functions-000333.c		
101dd0a20	101dd0b4b	decompiled	chunks/005/functions-000333.c		
101dd0b4c	101dd0ba3	decompiled	chunks/005/functions-000333.c		
101dd0ba4	101dd0c73	decompiled	chunks/005/functions-000333.c		
101dd0c74	101dd0d5f	decompiled	chunks/005/functions-000333.c		
101dd0d60	101dd0e67	decompiled	chunks/005/functions-000333.c		
101dd0e68	101dd0f03	decompiled	chunks/005/functions-000333.c		
101dd0f04	101dd0f73	decompiled	chunks/005/functions-000333.c		
101dd0f74	101dd0ff3	decompiled	chunks/005/functions-000333.c		
101dd0ff4	101dd1023	decompiled	chunks/005/functions-000333.c		
101dd1024	101dd108f	decompiled	chunks/005/functions-000333.c		
101dd1090	101dd10a3	decompiled	chunks/005/functions-000333.c		
101dd10a4	101dd1247	decompiled	chunks/005/functions-000333.c		
101dd1248	101dd127b	decompiled	chunks/005/functions-000333.c		
101dd127c	101dd141f	decompiled	chunks/005/functions-000333.c		
101dd1420	101dd1517	decompiled	chunks/005/functions-000333.c		
101dd1518	101dd18e7	decompiled	chunks/005/functions-000333.c		
101dd18e8	101dd1b2f	decompiled	chunks/005/functions-000333.c		
101dd1b30	101dd1c93	decompiled	chunks/005/functions-000333.c		
101dd1c94	101dd1efb	decompiled	chunks/005/functions-000333.c		
101dd1efc	101dd1f17	decompiled	chunks/005/functions-000333.c		
101dd1f18	101dd204b	decompiled	chunks/005/functions-000333.c		
101dd204c	101dd20cb	decompiled	chunks/005/functions-000333.c		
101dd20cc	101dd21f3	decompiled	chunks/005/functions-000333.c		
101dd21f4	101dd2317	decompiled	chunks/005/functions-000333.c		
101dd2318	101dd2343	decompiled	chunks/005/functions-000333.c		
101dd2344	101dd23d7	decompiled	chunks/005/functions-000333.c		
101dd23d8	101dd25bf	decompiled	chunks/005/functions-000333.c		
101dd25c0	101dd26b7	decompiled	chunks/005/functions-000333.c		
101dd26b8	101dd26bf	decompiled	chunks/005/functions-000333.c		
101dd26c0	101dd26eb	decompiled	chunks/005/functions-000333.c		
101dd26ec	101dd271b	decompiled	chunks/005/functions-000333.c		
101dd271c	101dd2757	decompiled	chunks/005/functions-000333.c		
101dd2758	101dd2787	decompiled	chunks/005/functions-000333.c		
101dd2788	101dd278f	decompiled	chunks/005/functions-000333.c		
101dd2790	101dd27eb	decompiled	chunks/005/functions-000333.c		
101dd27ec	101dd281b	decompiled	chunks/005/functions-000333.c		
101dd281c	101dd284f	decompiled	chunks/005/functions-000333.c		
101dd2850	101dd2857	decompiled	chunks/005/functions-000333.c		
101dd2858	101dd2893	decompiled	chunks/005/functions-000333.c		
101dd2894	101dd289b	decompiled	chunks/005/functions-000333.c		
101dd289c	101dd28c3	decompiled	chunks/005/functions-000333.c		
101dd28c4	101dd290f	decompiled	chunks/005/functions-000333.c		
101dd2910	101dd292b	decompiled	chunks/005/functions-000333.c		
101dd292c	101dd2933	decompiled	chunks/005/functions-000333.c		
101dd2934	101dd294b	decompiled	chunks/005/functions-000333.c		
101dd294c	101dd298b	decompiled	chunks/005/functions-000333.c		
101dd298c	101dd29b7	decompiled	chunks/005/functions-000333.c		
101dd29b8	101dd29f7	decompiled	chunks/005/functions-000333.c		
101dd29f8	101dd2dcb	decompiled	chunks/005/functions-000333.c		
101dd2dcc	101dd2e57	decompiled	chunks/005/functions-000333.c		
101dd2e58	101dd2e6b	decompiled	chunks/005/functions-000333.c		
101dd2e6c	101dd2eef	decompiled	chunks/005/functions-000333.c		
101dd2ef0	101dd2f03	decompiled	chunks/005/functions-000333.c		
101dd2f04	101dd2f0b	decompiled	chunks/005/functions-000333.c		
101dd2f0c	101dd2f5b	decompiled	chunks/005/functions-000333.c		
101dd2f5c	101dd3403	decompiled	chunks/005/functions-000333.c		
101dd3404	101dd3407	decompiled	chunks/005/functions-000333.c		
101dd3408	101dd3453	decompiled	chunks/005/functions-000333.c		
101dd3454	101dd3473	decompiled	chunks/005/functions-000333.c		
101dd3474	101dd3513	decompiled	chunks/005/functions-000333.c		
101dd3514	101dd3523	decompiled	chunks/005/functions-000333.c		
101dd3524	101dd361b	decompiled	chunks/005/functions-000333.c		
101dd361c	101dd36c3	decompiled	chunks/005/functions-000333.c		
101dd36c4	101dd36cb	decompiled	chunks/005/functions-000334.c		
101dd36cc	101dd3717	decompiled	chunks/005/functions-000334.c		
101dd3718	101dd3783	decompiled	chunks/005/functions-000334.c		
101dd3784	101dd3833	decompiled	chunks/005/functions-000334.c		
101dd3834	101dd384b	decompiled	chunks/005/functions-000334.c		
101dd384c	101dd3923	decompiled	chunks/005/functions-000334.c		
101dd3924	101dd39bb	decompiled	chunks/005/functions-000334.c		
101dd39bc	101dd3a2f	decompiled	chunks/005/functions-000334.c		
101dd3a30	101dd3a3f	decompiled	chunks/005/functions-000334.c		
101dd3a40	101dd3a8b	decompiled	chunks/005/functions-000334.c		
101dd3a8c	101dd3a9f	decompiled	chunks/005/functions-000334.c		
101dd3aa0	101dd3ac3	decompiled	chunks/005/functions-000334.c		
101dd3ac4	101dd3ae7	decompiled	chunks/005/functions-000334.c		
101dd3ae8	101dd3c57	decompiled	chunks/005/functions-000334.c		
101dd3c58	101dd3cab	decompiled	chunks/005/functions-000334.c		
101dd3cac	101dd3d63	decompiled	chunks/005/functions-000334.c		
101dd3d64	101dd3dc7	decompiled	chunks/005/functions-000334.c	-[_TtC33MemoriesValdiSaveCoreServicesImpl21BackupServiceProvider getBackupService]	
101dd3dc8	101dd3dfb	decompiled	chunks/005/functions-000334.c		
101dd3dfc	101dd3e0b	decompiled	chunks/005/functions-000334.c	-[_TtC33MemoriesValdiSaveCoreServicesImpl21BackupServiceProvider .cxx_destruct]	
101dd3e0c	101dd3e2b	decompiled	chunks/005/functions-000334.c		
101dd3e2c	101dd3e7b	decompiled	chunks/005/functions-000334.c		
101dd3e7c	101dd3ef7	decompiled	chunks/005/functions-000334.c		
101dd3ef8	101dd3f93	decompiled	chunks/005/functions-000334.c		
101dd3f94	101dd3f9b	decompiled	chunks/005/functions-000334.c		
101dd3f9c	101dd403b	decompiled	chunks/005/functions-000334.c		
101dd403c	101dd4073	decompiled	chunks/005/functions-000334.c		
101dd4074	101dd40b3	decompiled	chunks/005/functions-000334.c		
101dd40b4	101dd40c3	decompiled	chunks/005/functions-000334.c		
101dd40c4	101dd4187	decompiled	chunks/005/functions-000334.c		
101dd4188	101dd4297	decompiled	chunks/005/functions-000334.c		
101dd4298	101dd42d7	decompiled	chunks/005/functions-000334.c		
101dd42d8	101dd42db	decompiled	chunks/005/functions-000334.c		
101dd42dc	101dd43bb	decompiled	chunks/005/functions-000334.c		
101dd43bc	101dd443f	decompiled	chunks/005/functions-000334.c		
101dd4440	101dd444f	decompiled	chunks/005/functions-000334.c		
101dd4450	101dd4473	decompiled	chunks/005/functions-000334.c		
101dd4474	101dd4483	decompiled	chunks/005/functions-000334.c		
101dd4484	101dd44e3	decompiled	chunks/005/functions-000334.c	-[_TtC29MemoriesValdiSaveServicesImpl18MemoriesValdiSaver init]	
101dd44e4	101dd44f3	decompiled	chunks/005/functions-000334.c	-[_TtC29MemoriesValdiSaveServicesImpl18MemoriesValdiSaver .cxx_destruct]	
101dd44f4	101dd4513	decompiled	chunks/005/functions-000334.c		
101dd4514	101dd4527	decompiled	chunks/005/functions-000334.c		
101dd4528	101dd457f	decompiled	chunks/005/functions-000334.c		
101dd4580	101dd45bf	decompiled	chunks/005/functions-000334.c		
101dd45c0	101dd46b7	decompiled	chunks/005/functions-000334.c		
101dd46b8	101dd4757	decompiled	chunks/005/functions-000334.c		
101dd4758	101dd478b	decompiled	chunks/005/functions-000334.c		
101dd478c	101dd47cb	decompiled	chunks/005/functions-000334.c		
101dd47cc	101dd47db	decompiled	chunks/005/functions-000334.c		
101dd47dc	101dd4827	decompiled	chunks/005/functions-000334.c		
101dd4828	101dd485b	decompiled	chunks/005/functions-000334.c		
101dd485c	101dd486b	decompiled	chunks/005/functions-000334.c	-[MemoriesValdiSaveCoreServices .cxx_destruct]	
101dd486c	101dd4963	decompiled	chunks/005/functions-000334.c		
101dd4964	101dd4a53	decompiled	chunks/005/functions-000334.c		
101dd4a54	101dd4af3	decompiled	chunks/005/functions-000334.c		
101dd4af4	101dd4b0b	decompiled	chunks/005/functions-000334.c		
101dd4b0c	101dd4bab	decompiled	chunks/005/functions-000334.c		
101dd4bac	101dd4bbb	decompiled	chunks/005/functions-000334.c		
101dd4bbc	101dd4c1b	decompiled	chunks/005/functions-000334.c	-[_TtC43MemoriesValdiSnapDocTranscodingServicesImpl17SnapDocTranscoder init]	
101dd4c1c	101dd4c53	decompiled	chunks/005/functions-000334.c	-[_TtC43MemoriesValdiSnapDocTranscodingServicesImpl17SnapDocTranscoder .cxx_destruct]	
101dd4c54	101dd4c73	decompiled	chunks/005/functions-000334.c		
101dd4c74	101dd4c8f	decompiled	chunks/005/functions-000334.c		
101dd4c90	101dd4e7b	decompiled	chunks/005/functions-000334.c		
101dd4e7c	101dd4ec3	decompiled	chunks/005/functions-000334.c		
101dd4ec4	101dd502f	decompiled	chunks/005/functions-000334.c		
101dd5030	101dd5083	decompiled	chunks/005/functions-000334.c		
101dd5084	101dd5447	decompiled	chunks/005/functions-000334.c		
101dd5448	101dd548f	decompiled	chunks/005/functions-000334.c		
101dd5490	101dd552f	decompiled	chunks/005/functions-000334.c		
101dd5530	101dd558f	decompiled	chunks/005/functions-000334.c		
101dd5590	101dd570f	decompiled	chunks/005/functions-000334.c		
101dd5710	101dd5757	decompiled	chunks/005/functions-000334.c		
101dd5758	101dd5973	decompiled	chunks/005/functions-000334.c		
101dd5974	101dd5b33	decompiled	chunks/005/functions-000334.c		
101dd5b34	101dd5c4f	decompiled	chunks/005/functions-000334.c	-[_TtC43MemoriesValdiSnapDocTranscodingServicesImpl17SnapDocTranscoder transcodeForBackupWithInput:]	
101dd5c50	101dd5cbb	decompiled	chunks/005/functions-000334.c		
101dd5cbc	101dd5cf7	decompiled	chunks/005/functions-000334.c		
101dd5cf8	101dd5daf	decompiled	chunks/005/functions-000334.c		
101dd5db0	101dd5ddf	decompiled	chunks/005/functions-000334.c		
101dd5de0	101dd5ea7	decompiled	chunks/005/functions-000334.c		
101dd5ea8	101dd5ee7	decompiled	chunks/005/functions-000334.c		
101dd5ee8	101dd5f0b	decompiled	chunks/005/functions-000334.c		
101dd5f0c	101dd5f4b	decompiled	chunks/005/functions-000334.c		
101dd5f4c	101dd5f5f	decompiled	chunks/005/functions-000334.c		
101dd5f60	101dd5fab	decompiled	chunks/005/functions-000334.c		
101dd5fac	101dd5fd7	decompiled	chunks/005/functions-000334.c		
101dd5fd8	101dd613b	decompiled	chunks/005/functions-000334.c		
101dd613c	101dd623f	decompiled	chunks/005/functions-000334.c		
101dd6240	101dd62d7	decompiled	chunks/005/functions-000334.c		
101dd62d8	101dd630b	decompiled	chunks/005/functions-000334.c		
101dd630c	101dd631b	decompiled	chunks/005/functions-000334.c	-[MemoriesValdiSnapDocTranscodingServices .cxx_destruct]	
101dd631c	101dd6367	decompiled	chunks/005/functions-000334.c		
101dd6368	101dd648b	decompiled	chunks/005/functions-000334.c		
101dd648c	101dd64ef	decompiled	chunks/005/functions-000334.c		
101dd64f0	101dd6547	decompiled	chunks/005/functions-000334.c		
101dd6548	101dd6597	decompiled	chunks/005/functions-000334.c		
101dd6598	101dd65af	decompiled	chunks/005/functions-000334.c		
101dd65b0	101dd65fb	decompiled	chunks/005/functions-000334.c		
101dd65fc	101dd6667	decompiled	chunks/005/functions-000334.c		
101dd6668	101dd6683	decompiled	chunks/005/functions-000334.c		
101dd6684	101dd66c7	decompiled	chunks/005/functions-000334.c		
101dd66c8	101dd68c3	decompiled	chunks/005/functions-000335.c		
101dd68c4	101dd69b3	decompiled	chunks/005/functions-000335.c		
101dd69b4	101dd69f3	decompiled	chunks/005/functions-000335.c		
101dd69f4	101dd6f1f	decompiled	chunks/005/functions-000335.c		
101dd6f20	101dd6fe7	decompiled	chunks/005/functions-000335.c		
101dd6fe8	101dd6fef	decompiled	chunks/005/functions-000335.c		
101dd6ff0	101dd7097	decompiled	chunks/005/functions-000335.c		
101dd7098	101dd709b	decompiled	chunks/005/functions-000335.c		
101dd709c	101dd710b	decompiled	chunks/005/functions-000335.c		
101dd710c	101dd712b	decompiled	chunks/005/functions-000335.c		
101dd712c	101dd71cb	decompiled	chunks/005/functions-000335.c		
101dd71cc	101dd71df	decompiled	chunks/005/functions-000335.c		
101dd71e0	101dd73c3	decompiled	chunks/005/functions-000335.c		
101dd73c4	101dd748f	decompiled	chunks/005/functions-000335.c		
101dd7490	101dd76cf	decompiled	chunks/005/functions-000335.c		
101dd76d0	101dd7777	decompiled	chunks/005/functions-000335.c		
101dd7778	101dd77cb	decompiled	chunks/005/functions-000335.c		
101dd77cc	101dd78ef	decompiled	chunks/005/functions-000335.c		
101dd78f0	101dd791b	decompiled	chunks/005/functions-000335.c		
101dd791c	101dd797f	decompiled	chunks/005/functions-000335.c		
101dd7980	101dd7aef	decompiled	chunks/005/functions-000335.c		
101dd7af0	101dd7b9b	decompiled	chunks/005/functions-000335.c		
101dd7b9c	101dd7c2f	decompiled	chunks/005/functions-000335.c		
101dd7c30	101dd7d27	decompiled	chunks/005/functions-000335.c		
101dd7d28	101dd7dc3	decompiled	chunks/005/functions-000335.c		
101dd7dc4	101dd7e67	decompiled	chunks/005/functions-000335.c		
101dd7e68	101dd803f	decompiled	chunks/005/functions-000335.c		
101dd8040	101dd8097	decompiled	chunks/005/functions-000335.c		
101dd8098	101dd8177	decompiled	chunks/005/functions-000335.c		
101dd8178	101dd81e7	decompiled	chunks/005/functions-000335.c		
101dd81e8	101dd849b	decompiled	chunks/005/functions-000335.c		
101dd849c	101dd8577	decompiled	chunks/005/functions-000335.c		
101dd8578	101dd8597	decompiled	chunks/005/functions-000335.c		
101dd8598	101dd865f	decompiled	chunks/005/functions-000335.c		
101dd8660	101dd8733	decompiled	chunks/005/functions-000335.c		
101dd8734	101dd8753	decompiled	chunks/005/functions-000335.c		
101dd8754	101dd87fb	decompiled	chunks/005/functions-000335.c		
101dd87fc	101dd88b7	decompiled	chunks/005/functions-000335.c		
101dd88b8	101dd88d3	decompiled	chunks/005/functions-000335.c		
101dd88d4	101dd8ec7	decompiled	chunks/005/functions-000335.c		
101dd8ec8	101dd8f2b	decompiled	chunks/005/functions-000335.c		
101dd8f2c	101dd8fbf	decompiled	chunks/005/functions-000335.c		
101dd8fc0	101dd8ff7	decompiled	chunks/005/functions-000335.c		
101dd8ff8	101dd92cb	decompiled	chunks/005/functions-000335.c		
101dd92cc	101dd92ef	decompiled	chunks/005/functions-000335.c		
101dd92f0	101dd9353	decompiled	chunks/005/functions-000335.c		
101dd9354	101dd936f	decompiled	chunks/005/functions-000335.c		
101dd9370	101dd937b	decompiled	chunks/005/functions-000335.c		
101dd937c	101dd93cf	decompiled	chunks/005/functions-000335.c		
101dd93d0	101dd93e7	decompiled	chunks/005/functions-000335.c		
101dd93e8	101dd93ef	decompiled	chunks/005/functions-000335.c		
101dd93f0	101dd9417	decompiled	chunks/005/functions-000335.c		
101dd9418	101dd946f	decompiled	chunks/005/functions-000335.c		
101dd9470	101dd9533	decompiled	chunks/005/functions-000335.c		
101dd9534	101dd955f	decompiled	chunks/005/functions-000335.c		
101dd9560	101dd95c3	decompiled	chunks/005/functions-000335.c		
101dd95c4	101dd9687	decompiled	chunks/005/functions-000335.c		
101dd9688	101dd96c7	decompiled	chunks/005/functions-000335.c		
101dd96c8	101dd96db	decompiled	chunks/005/functions-000335.c		
101dd96dc	101dd971b	decompiled	chunks/005/functions-000335.c		
101dd971c	101dd9737	decompiled	chunks/005/functions-000335.c		
101dd9738	101dd974b	decompiled	chunks/005/functions-000335.c		
101dd974c	101dd9763	decompiled	chunks/005/functions-000335.c		
101dd9764	101dd978f	decompiled	chunks/005/functions-000335.c		
101dd9790	101dd97cb	decompiled	chunks/005/functions-000335.c		
101dd97cc	101dd97d3	decompiled	chunks/005/functions-000335.c		
101dd97d4	101dd97fb	decompiled	chunks/005/functions-000335.c		
101dd97fc	101dd993b	decompiled	chunks/005/functions-000335.c		
101dd993c	101dd99a7	decompiled	chunks/005/functions-000335.c		
101dd99a8	101dd99cb	decompiled	chunks/005/functions-000335.c		
101dd99cc	101dd99eb	decompiled	chunks/005/functions-000335.c		
101dd99ec	101dd9a13	decompiled	chunks/005/functions-000335.c		
101dd9a14	101dd9a57	decompiled	chunks/005/functions-000335.c		
101dd9a58	101dd9ef7	decompiled	chunks/005/functions-000335.c		
101dd9ef8	101dd9f23	decompiled	chunks/005/functions-000335.c		
101dd9f24	101dd9f9b	decompiled	chunks/005/functions-000335.c		
101dd9f9c	101dd9ffb	decompiled	chunks/005/functions-000335.c		
101dd9ffc	101dda00b	decompiled	chunks/005/functions-000335.c		
101dda00c	101dda0ab	decompiled	chunks/005/functions-000335.c		
101dda0ac	101dda0cb	decompiled	chunks/005/functions-000335.c		
101dda0cc	101dda0eb	decompiled	chunks/005/functions-000335.c		
101dda0ec	101dda357	decompiled	chunks/005/functions-000335.c		
101dda358	101dda3b3	decompiled	chunks/005/functions-000335.c		
101dda3b4	101dda44f	decompiled	chunks/005/functions-000335.c		
101dda450	101dda4bb	decompiled	chunks/005/functions-000335.c		
101dda4bc	101dda5d3	decompiled	chunks/005/functions-000335.c		
101dda5d4	101dda6f7	decompiled	chunks/005/functions-000335.c		
101dda6f8	101dda973	decompiled	chunks/005/functions-000335.c		
101dda974	101ddaa6f	decompiled	chunks/005/functions-000335.c		
101ddaa70	101ddaaef	decompiled	chunks/005/functions-000335.c		
101ddaaf0	101ddac37	decompiled	chunks/005/functions-000335.c		
101ddac38	101ddac77	decompiled	chunks/005/functions-000335.c		
101ddac78	101ddac8f	decompiled	chunks/005/functions-000335.c		
101ddac90	101ddac97	decompiled	chunks/005/functions-000335.c		
101ddac98	101ddacbf	decompiled	chunks/005/functions-000335.c		
101ddacc0	101ddacd7	decompiled	chunks/005/functions-000335.c		
101ddacd8	101ddacdf	decompiled	chunks/005/functions-000335.c		
101ddace0	101ddafcb	decompiled	chunks/005/functions-000335.c		
101ddafcc	101ddafd7	decompiled	chunks/005/functions-000335.c		
101ddafd8	101ddb05b	decompiled	chunks/005/functions-000335.c		
101ddb05c	101ddb0bb	decompiled	chunks/005/functions-000336.c		
101ddb0bc	101ddb157	decompiled	chunks/005/functions-000336.c		
101ddb158	101ddb293	decompiled	chunks/005/functions-000336.c		
101ddb294	101ddb2bb	decompiled	chunks/005/functions-000336.c		
101ddb2bc	101ddb2fb	decompiled	chunks/005/functions-000336.c		
101ddb2fc	101ddb3b7	decompiled	chunks/005/functions-000336.c		
101ddb3b8	101ddb3fb	decompiled	chunks/005/functions-000336.c		
101ddb3fc	101ddb413	decompiled	chunks/005/functions-000336.c		
101ddb414	101ddb4fb	decompiled	chunks/005/functions-000336.c		
101ddb4fc	101ddb7ab	decompiled	chunks/005/functions-000336.c		
101ddb7ac	101ddb8ab	decompiled	chunks/005/functions-000336.c		
101ddb8ac	101ddb91b	decompiled	chunks/005/functions-000336.c		
101ddb91c	101ddb97b	decompiled	chunks/005/functions-000336.c		
101ddb97c	101ddba67	decompiled	chunks/005/functions-000336.c		
101ddba68	101ddbad7	decompiled	chunks/005/functions-000336.c		
101ddbad8	101ddbb27	decompiled	chunks/005/functions-000336.c		
101ddbb28	101ddbbef	decompiled	chunks/005/functions-000336.c		
101ddbbf0	101ddbc33	decompiled	chunks/005/functions-000336.c		
101ddbc34	101ddbca7	decompiled	chunks/005/functions-000336.c		
101ddbca8	101ddbd23	decompiled	chunks/005/functions-000336.c		
101ddbd24	101ddbe03	decompiled	chunks/005/functions-000336.c		
101ddbe04	101ddbe3b	decompiled	chunks/005/functions-000336.c		
101ddbe3c	101ddbe73	decompiled	chunks/005/functions-000336.c		
101ddbe74	101ddbf63	decompiled	chunks/005/functions-000336.c		
101ddbf64	101ddc063	decompiled	chunks/005/functions-000336.c		
101ddc064	101ddc233	decompiled	chunks/005/functions-000336.c		
101ddc234	101ddc2d7	decompiled	chunks/005/functions-000336.c		
101ddc2d8	101ddc317	decompiled	chunks/005/functions-000336.c		
101ddc318	101ddc347	decompiled	chunks/005/functions-000336.c		
101ddc348	101ddc377	decompiled	chunks/005/functions-000336.c		
101ddc378	101ddc3a7	decompiled	chunks/005/functions-000336.c		
101ddc3a8	101ddc3f7	decompiled	chunks/005/functions-000336.c		
101ddc3f8	101ddc407	decompiled	chunks/005/functions-000336.c		
101ddc408	101ddc49f	decompiled	chunks/005/functions-000336.c		
101ddc4a0	101ddc4b3	decompiled	chunks/005/functions-000336.c		
101ddc4b4	101ddc4c7	decompiled	chunks/005/functions-000336.c		
101ddc4c8	101ddc4df	decompiled	chunks/005/functions-000336.c		
101ddc4e0	101ddc4ff	decompiled	chunks/005/functions-000336.c		
101ddc500	101ddc723	decompiled	chunks/005/functions-000336.c		
101ddc724	101ddc74b	decompiled	chunks/005/functions-000336.c		
101ddc74c	101ddc807	decompiled	chunks/005/functions-000336.c		
101ddc808	101ddc863	decompiled	chunks/005/functions-000336.c		
101ddc864	101ddc86b	decompiled	chunks/005/functions-000336.c		
101ddc86c	101ddc99b	decompiled	chunks/005/functions-000336.c		
101ddc99c	101ddcb0b	decompiled	chunks/005/functions-000336.c		
101ddcb0c	101ddcb0f	decompiled	chunks/005/functions-000336.c		
101ddcb10	101ddcb83	decompiled	chunks/005/functions-000336.c		
101ddcb84	101ddcbb3	decompiled	chunks/005/functions-000336.c		
101ddcbb4	101ddce47	decompiled	chunks/005/functions-000336.c		
101ddce48	101ddcf73	decompiled	chunks/005/functions-000336.c		
101ddcf74	101ddd1ab	decompiled	chunks/005/functions-000336.c		
101ddd1ac	101ddd2f3	decompiled	chunks/005/functions-000336.c		
101ddd2f4	101ddd3e7	decompiled	chunks/005/functions-000336.c		
101ddd3e8	101ddd42b	decompiled	chunks/005/functions-000336.c		
101ddd42c	101ddd517	decompiled	chunks/005/functions-000336.c		
101ddd518	101ddd587	decompiled	chunks/005/functions-000336.c		
101ddd588	101ddd5d7	decompiled	chunks/005/functions-000336.c		
101ddd5d8	101ddd7e3	decompiled	chunks/005/functions-000336.c		
101ddd7e4	101ddd843	decompiled	chunks/005/functions-000336.c		
101ddd844	101ddd90f	decompiled	chunks/005/functions-000336.c		
101ddd910	101ddda67	decompiled	chunks/005/functions-000336.c		
101ddda68	101dddac7	decompiled	chunks/005/functions-000336.c		
101dddac8	101dddc5b	decompiled	chunks/005/functions-000336.c		
101dddc5c	101dddc93	decompiled	chunks/005/functions-000336.c		
101dddc94	101dddd03	decompiled	chunks/005/functions-000336.c		
101dddd04	101dddd5b	decompiled	chunks/005/functions-000336.c		
101dddd5c	101ddddcf	decompiled	chunks/005/functions-000336.c		
101ddddd0	101ddde33	decompiled	chunks/005/functions-000336.c		
101ddde34	101ddde37	decompiled	chunks/005/functions-000336.c		
101ddde38	101dddea7	decompiled	chunks/005/functions-000336.c		
101dddea8	101dddeb3	decompiled	chunks/005/functions-000336.c		
101dddeb4	101dddecb	decompiled	chunks/005/functions-000336.c		
101dddecc	101dddee7	decompiled	chunks/005/functions-000336.c		
101dddee8	101dddf27	decompiled	chunks/005/functions-000336.c		
101dddf28	101dddf6f	decompiled	chunks/005/functions-000336.c		
101dddf70	101dddf9b	decompiled	chunks/005/functions-000336.c		
101dddf9c	101dddfdb	decompiled	chunks/005/functions-000336.c		
101dddfdc	101dddfe7	decompiled	chunks/005/functions-000336.c		
101dddfe8	101dde053	decompiled	chunks/005/functions-000336.c		
101dde054	101dde077	decompiled	chunks/005/functions-000336.c		
101dde078	101dde083	decompiled	chunks/005/functions-000336.c	-[SCMemoriesOpportunisticRetranscodeSchedulerEntryPoint beginIn]	
101dde084	101dde08f	decompiled	chunks/005/functions-000336.c	-[SCMemoriesOpportunisticRetranscodeSchedulerEntryPoint setBeginIn:]	
101dde090	101dde09b	decompiled	chunks/005/functions-000336.c	-[SCMemoriesOpportunisticRetranscodeSchedulerEntryPoint experimentServices]	
101dde09c	101dde0a7	decompiled	chunks/005/functions-000336.c	-[SCMemoriesOpportunisticRetranscodeSchedulerEntryPoint setExperimentServices:]	
101dde0a8	101dde0b3	decompiled	chunks/005/functions-000336.c	-[SCMemoriesOpportunisticRetranscodeSchedulerEntryPoint asyncQueueServices]	
101dde0b4	101dde0bf	decompiled	chunks/005/functions-000336.c	-[SCMemoriesOpportunisticRetranscodeSchedulerEntryPoint setAsyncQueueServices:]	
101dde0c0	101dde0cb	decompiled	chunks/005/functions-000336.c	-[SCMemoriesOpportunisticRetranscodeSchedulerEntryPoint jobSchedulerServices]	
101dde0cc	101dde0d7	decompiled	chunks/005/functions-000336.c	-[SCMemoriesOpportunisticRetranscodeSchedulerEntryPoint setJobSchedulerServices:]	
101dde0d8	101dde0e3	decompiled	chunks/005/functions-000336.c	-[SCMemoriesOpportunisticRetranscodeSchedulerEntryPoint ortSchedulingServices]	
101dde0e4	101dde127	decompiled	chunks/005/functions-000336.c		
101dde128	101dde133	decompiled	chunks/005/functions-000336.c	-[SCMemoriesOpportunisticRetranscodeSchedulerEntryPoint setOrtSchedulingServices:]	
101dde134	101dde187	decompiled	chunks/005/functions-000336.c		
101dde188	101dde3af	decompiled	chunks/005/functions-000336.c		
101dde3b0	101dde3b7	decompiled	chunks/005/functions-000336.c		
101dde3b8	101dde3df	decompiled	chunks/005/functions-000336.c	-[SCMemoriesOpportunisticRetranscodeSchedulerEntryPoint begin]	
101dde3e0	101dde423	decompiled	chunks/005/functions-000336.c	-[SCMemoriesOpportunisticRetranscodeSchedulerEntryPoint end]	
101dde424	101dde6ff	decompiled	chunks/005/functions-000336.c		
101dde700	101dde723	decompiled	chunks/005/functions-000336.c		
101dde724	101dde7cf	decompiled	chunks/005/functions-000336.c	-[SCMemoriesOpportunisticRetranscodeSchedulerEntryPoint setValue:forIvarName:]	
101dde7d0	101dde87f	decompiled	chunks/005/functions-000336.c		
101dde880	101dde89f	decompiled	chunks/005/functions-000337.c	-[SCMemoriesOpportunisticRetranscodeSchedulerEntryPoint init]	
101dde8a0	101dde8d3	decompiled	chunks/005/functions-000337.c		
101dde8d4	101dde94b	decompiled	chunks/005/functions-000337.c	-[SCMemoriesOpportunisticRetranscodeSchedulerEntryPoint .cxx_destruct]	
101dde94c	101dde96b	decompiled	chunks/005/functions-000337.c		
101dde96c	101dde99f	decompiled	chunks/005/functions-000337.c		
101dde9a0	101ddea4b	decompiled	chunks/005/functions-000337.c		
101ddea4c	101ddea5f	decompiled	chunks/005/functions-000337.c		
101ddea60	101ddea9f	decompiled	chunks/005/functions-000337.c		
101ddeaa0	101ddec03	decompiled	chunks/005/functions-000337.c		
101ddec04	101ddec9f	decompiled	chunks/005/functions-000337.c		
101ddeca0	101dded77	decompiled	chunks/005/functions-000337.c		
101dded78	101ddeebf	decompiled	chunks/005/functions-000337.c		
101ddeec0	101ddef7b	decompiled	chunks/005/functions-000337.c		
101ddef7c	101ddf02f	decompiled	chunks/005/functions-000337.c		
101ddf030	101ddf213	decompiled	chunks/005/functions-000337.c		
101ddf214	101ddf2ff	decompiled	chunks/005/functions-000337.c		
101ddf300	101ddf32f	decompiled	chunks/005/functions-000337.c		
101ddf330	101ddf463	decompiled	chunks/005/functions-000337.c		
101ddf464	101ddf58f	decompiled	chunks/005/functions-000337.c		
101ddf590	101ddf6d7	decompiled	chunks/005/functions-000337.c		
101ddf6d8	101ddf6e3	decompiled	chunks/005/functions-000337.c		
101ddf6e4	101ddf71f	decompiled	chunks/005/functions-000337.c		
101ddf720	101ddf72f	decompiled	chunks/005/functions-000337.c		
101ddf730	101ddf7cf	decompiled	chunks/005/functions-000337.c		
101ddf7d0	101ddf7df	decompiled	chunks/005/functions-000337.c		
101ddf7e0	101ddf83b	decompiled	chunks/005/functions-000337.c		
101ddf83c	101ddfe2f	decompiled	chunks/005/functions-000337.c		
101ddfe30	101de001b	decompiled	chunks/005/functions-000337.c		
101de001c	101de0113	decompiled	chunks/005/functions-000337.c		
101de0114	101de012f	decompiled	chunks/005/functions-000337.c		
101de0130	101de01cf	decompiled	chunks/005/functions-000337.c		
101de01d0	101de02bf	decompiled	chunks/005/functions-000337.c		
101de02c0	101de03af	decompiled	chunks/005/functions-000337.c		
101de03b0	101de049f	decompiled	chunks/005/functions-000337.c		
101de04a0	101de058f	decompiled	chunks/005/functions-000337.c		
101de0590	101de066b	decompiled	chunks/005/functions-000337.c		
101de066c	101de075b	decompiled	chunks/005/functions-000337.c		
101de075c	101de0807	decompiled	chunks/005/functions-000337.c		
101de0808	101de08b3	decompiled	chunks/005/functions-000337.c		
101de08b4	101de0907	decompiled	chunks/005/functions-000337.c		
101de0908	101de0bab	decompiled	chunks/005/functions-000337.c		
101de0bac	101de0c43	decompiled	chunks/005/functions-000337.c		
101de0c44	101de0d0f	decompiled	chunks/005/functions-000337.c		
101de0d10	101de0d17	decompiled	chunks/005/functions-000337.c		
101de0d18	101de0ddf	decompiled	chunks/005/functions-000337.c		
101de0de0	101de0e93	decompiled	chunks/005/functions-000337.c		
101de0e94	101de0ebf	decompiled	chunks/005/functions-000337.c		
101de0ec0	101de0eff	decompiled	chunks/005/functions-000337.c		
101de0f00	101de0f8b	decompiled	chunks/005/functions-000337.c		
101de0f8c	101de0fc3	decompiled	chunks/005/functions-000337.c		
101de0fc4	101de100f	decompiled	chunks/005/functions-000337.c		
101de1010	101de101b	decompiled	chunks/005/functions-000337.c		
101de101c	101de104b	decompiled	chunks/005/functions-000337.c		
101de104c	101de1083	decompiled	chunks/005/functions-000337.c		
101de1084	101de10d7	decompiled	chunks/005/functions-000337.c		
101de10d8	101de1127	decompiled	chunks/005/functions-000337.c		
101de1128	101de1257	decompiled	chunks/005/functions-000337.c		
101de1258	101de126b	decompiled	chunks/005/functions-000337.c		
101de126c	101de1287	decompiled	chunks/005/functions-000337.c		
101de1288	101de13b7	decompiled	chunks/005/functions-000337.c		
101de13b8	101de147b	decompiled	chunks/005/functions-000337.c		
101de147c	101de14cb	decompiled	chunks/005/functions-000337.c		
101de14cc	101de1513	decompiled	chunks/005/functions-000337.c		
101de1514	101de1563	decompiled	chunks/005/functions-000337.c		
101de1564	101de15b3	decompiled	chunks/005/functions-000337.c		
101de15b4	101de1603	decompiled	chunks/005/functions-000337.c		
101de1604	101de16db	decompiled	chunks/005/functions-000337.c		
101de16dc	101de171f	decompiled	chunks/005/functions-000337.c		
101de1720	101de173f	decompiled	chunks/005/functions-000337.c		
101de1740	101de1787	decompiled	chunks/005/functions-000337.c		
101de1788	101de178f	decompiled	chunks/005/functions-000337.c		
101de1790	101de17c7	decompiled	chunks/005/functions-000337.c		
101de17c8	101de183f	decompiled	chunks/005/functions-000337.c		
101de1840	101de184b	decompiled	chunks/005/functions-000337.c		
101de184c	101de188f	decompiled	chunks/005/functions-000337.c		
101de1890	101de1907	decompiled	chunks/005/functions-000337.c		
101de1908	101de19db	decompiled	chunks/005/functions-000337.c		
101de19dc	101de1beb	decompiled	chunks/005/functions-000337.c		
101de1bec	101de248b	decompiled	chunks/005/functions-000337.c		
101de248c	101de25df	decompiled	chunks/005/functions-000337.c		
101de25e0	101de25f3	decompiled	chunks/005/functions-000337.c		
101de25f4	101de2a03	decompiled	chunks/005/functions-000337.c		
101de2a04	101de2a83	decompiled	chunks/005/functions-000337.c		
101de2a84	101de2ae3	decompiled	chunks/005/functions-000337.c	-[_TtC24MemoriesSaveServicesImpl19MemoriesSaveManager init]	
101de2ae4	101de2c2b	decompiled	chunks/005/functions-000337.c	-[_TtC24MemoriesSaveServicesImpl19MemoriesSaveManager .cxx_destruct]	
101de2c2c	101de2c4b	decompiled	chunks/005/functions-000337.c		
101de2c4c	101de2c67	decompiled	chunks/005/functions-000337.c		
101de2c68	101de2d63	decompiled	chunks/005/functions-000337.c		
101de2d64	101de2e97	decompiled	chunks/005/functions-000337.c		
101de2e98	101de2f33	decompiled	chunks/005/functions-000337.c		
101de2f34	101de32bf	decompiled	chunks/005/functions-000337.c		
101de32c0	101de3367	decompiled	chunks/005/functions-000337.c		
101de3368	101de33b3	decompiled	chunks/005/functions-000337.c		
101de33b4	101de3413	decompiled	chunks/005/functions-000337.c		
101de3414	101de341b	decompiled	chunks/005/functions-000337.c		
101de341c	101de34fb	decompiled	chunks/005/functions-000337.c		
101de34fc	101de3cdf	decompiled	chunks/005/functions-000337.c		
101de3ce0	101de3da3	decompiled	chunks/005/functions-000337.c		
101de3da4	101de6543	decompiled	chunks/005/functions-000337.c		
101de6544	101de667f	decompiled	chunks/005/functions-000337.c		
101de6680	101de6aaf	decompiled	chunks/005/functions-000338.c		
101de6ab0	101de6c7b	decompiled	chunks/005/functions-000338.c		
101de6c7c	101de6cd3	decompiled	chunks/005/functions-000338.c		
101de6cd4	101de7457	decompiled	chunks/005/functions-000338.c		
101de7458	101de7893	decompiled	chunks/005/functions-000338.c		
101de7894	101de78db	decompiled	chunks/005/functions-000338.c		
101de78dc	101de7acf	decompiled	chunks/005/functions-000338.c		
101de7ad0	101de7b27	decompiled	chunks/005/functions-000338.c		
101de7b28	101de831b	decompiled	chunks/005/functions-000338.c		
101de831c	101de83c3	decompiled	chunks/005/functions-000338.c		
101de83c4	101de8433	decompiled	chunks/005/functions-000338.c		
101de8434	101de8573	decompiled	chunks/005/functions-000338.c		
101de8574	101de8873	decompiled	chunks/005/functions-000338.c		
101de8874	101de88c7	decompiled	chunks/005/functions-000338.c		
101de88c8	101de8cdf	decompiled	chunks/005/functions-000338.c		
101de8ce0	101de8d27	decompiled	chunks/005/functions-000338.c		
101de8d28	101de91f3	decompiled	chunks/005/functions-000338.c		
101de91f4	101de923b	decompiled	chunks/005/functions-000338.c		
101de923c	101de95f3	decompiled	chunks/005/functions-000338.c		
101de95f4	101de9647	decompiled	chunks/005/functions-000338.c		
101de9648	101de9e47	decompiled	chunks/005/functions-000338.c		
101de9e48	101de9ebf	decompiled	chunks/005/functions-000338.c		
101de9ec0	101de9f13	decompiled	chunks/005/functions-000338.c		
101de9f14	101dea41b	decompiled	chunks/005/functions-000338.c		
101dea41c	101dea46f	decompiled	chunks/005/functions-000338.c		
101dea470	101deabc7	decompiled	chunks/005/functions-000338.c		
101deabc8	101deac6b	decompiled	chunks/005/functions-000338.c		
101deac6c	101deace3	decompiled	chunks/005/functions-000338.c		
101deace4	101deae33	decompiled	chunks/005/functions-000338.c		
101deae34	101deb1f3	decompiled	chunks/005/functions-000338.c		
101deb1f4	101deb267	decompiled	chunks/005/functions-000338.c		
101deb268	101deb343	decompiled	chunks/005/functions-000338.c		
101deb344	101deb703	decompiled	chunks/005/functions-000338.c		
101deb704	101deb7ab	decompiled	chunks/005/functions-000338.c		
101deb7ac	101deb81b	decompiled	chunks/005/functions-000338.c		
101deb81c	101deb897	decompiled	chunks/005/functions-000338.c		
101deb898	101debc5f	decompiled	chunks/005/functions-000338.c		
101debc60	101debca7	decompiled	chunks/005/functions-000338.c		
101debca8	101dec163	decompiled	chunks/005/functions-000338.c		
101dec164	101dec1b7	decompiled	chunks/005/functions-000338.c		
101dec1b8	101dec6b7	decompiled	chunks/005/functions-000338.c		
101dec6b8	101dec6ff	decompiled	chunks/005/functions-000338.c		
101dec700	101decc33	decompiled	chunks/005/functions-000338.c		
101decc34	101deccb3	decompiled	chunks/005/functions-000338.c		
101deccb4	101decd67	decompiled	chunks/005/functions-000338.c		
101decd68	101ded05f	decompiled	chunks/005/functions-000338.c		
101ded060	101ded42b	decompiled	chunks/005/functions-000338.c		
101ded42c	101ded4bf	decompiled	chunks/005/functions-000338.c		
101ded4c0	101ded847	decompiled	chunks/005/functions-000338.c		
101ded848	101ded8ef	decompiled	chunks/005/functions-000338.c		
101ded8f0	101ded93b	decompiled	chunks/005/functions-000338.c		
101ded93c	101ded99b	decompiled	chunks/005/functions-000338.c		
101ded99c	101deda1b	decompiled	chunks/005/functions-000338.c		
101deda1c	101dedbb3	decompiled	chunks/005/functions-000338.c		
101dedbb4	101dedc6b	decompiled	chunks/005/functions-000338.c		
101dedc6c	101dedccf	decompiled	chunks/005/functions-000338.c		
101dedcd0	101dedd23	decompiled	chunks/005/functions-000338.c		
101dedd24	101dedfef	decompiled	chunks/005/functions-000338.c		
101dedff0	101dee04b	decompiled	chunks/005/functions-000338.c		
101dee04c	101dee14b	decompiled	chunks/005/functions-000338.c		
101dee14c	101dee19f	decompiled	chunks/005/functions-000338.c		
101dee1a0	101dee207	decompiled	chunks/005/functions-000338.c		
101dee208	101dee28b	decompiled	chunks/005/functions-000338.c		
101dee28c	101dee413	decompiled	chunks/005/functions-000338.c		
101dee414	101dee4bf	decompiled	chunks/005/functions-000338.c		
101dee4c0	101dee523	decompiled	chunks/005/functions-000338.c		
101dee524	101dee7db	decompiled	chunks/005/functions-000338.c		
101dee7dc	101dee8db	decompiled	chunks/005/functions-000338.c		
101dee8dc	101dee967	decompiled	chunks/005/functions-000338.c		
101dee968	101deeaef	decompiled	chunks/005/functions-000338.c		
101deeaf0	101deeb9b	decompiled	chunks/005/functions-000338.c		
101deeb9c	101deebff	decompiled	chunks/005/functions-000338.c		
101deec00	101deec53	decompiled	chunks/005/functions-000338.c		
101deec54	101deeefb	decompiled	chunks/005/functions-000338.c		
101deeefc	101deef57	decompiled	chunks/005/functions-000338.c		
101deef58	101def057	decompiled	chunks/005/functions-000338.c		
101def058	101def0ab	decompiled	chunks/005/functions-000338.c		
101def0ac	101def113	decompiled	chunks/005/functions-000338.c		
101def114	101def183	decompiled	chunks/005/functions-000338.c		
101def184	101def40b	decompiled	chunks/005/functions-000338.c		
101def40c	101def4bf	decompiled	chunks/005/functions-000338.c		
101def4c0	101def51b	decompiled	chunks/005/functions-000338.c		
101def51c	101def657	decompiled	chunks/005/functions-000338.c		
101def658	101def7cb	decompiled	chunks/005/functions-000338.c	-[_TtC24MemoriesSaveServicesImpl19MemoriesSaveManager addSnapToExistingStoryEntryWithSnapDoc:existingEntryId:clientGeneratedSnapMetadata:snapId:completionHandler:]	
101def7cc	101def8b3	decompiled	chunks/005/functions-000338.c		
101def8b4	101def987	decompiled	chunks/005/functions-000338.c		
101def988	101def9f7	decompiled	chunks/005/functions-000338.c		
101def9f8	101defc83	decompiled	chunks/005/functions-000338.c		
101defc84	101defd37	decompiled	chunks/005/functions-000338.c		
101defd38	101df0037	decompiled	chunks/005/functions-000338.c		
101df0038	101df003f	decompiled	chunks/005/functions-000338.c		
101df0040	101df013f	decompiled	chunks/005/functions-000338.c		
101df0140	101df0203	failed			 Low-level Error: Cannot properly adjust input varnodes
101df0204	101df024b	decompiled	chunks/005/functions-000338.c		
101df024c	101df02ff	decompiled	chunks/005/functions-000338.c		
101df0300	101df03b3	decompiled	chunks/005/functions-000338.c		
101df03b4	101df03b7	decompiled	chunks/005/functions-000338.c		
101df03b8	101df0483	decompiled	chunks/005/functions-000338.c		
101df0484	101df050f	decompiled	chunks/005/functions-000338.c		
101df0510	101df056b	decompiled	chunks/005/functions-000338.c		
101df056c	101df05a7	decompiled	chunks/005/functions-000338.c		
101df05a8	101df066b	failed			 Low-level Error: Cannot properly adjust input varnodes
101df066c	101df070f	decompiled	chunks/005/functions-000339.c		
101df0710	101df0877	decompiled	chunks/005/functions-000339.c		
101df0878	101df0913	decompiled	chunks/005/functions-000339.c		
101df0914	101df0d0b	decompiled	chunks/005/functions-000339.c		
101df0d0c	101df0dcb	decompiled	chunks/005/functions-000339.c		
101df0dcc	101df0e37	decompiled	chunks/005/functions-000339.c		
101df0e38	101df0e9f	decompiled	chunks/005/functions-000339.c		
101df0ea0	101df12d7	decompiled	chunks/005/functions-000339.c	-[_TtC24MemoriesSaveServicesImpl19MemoriesSaveManager saveNewSnapWithSnapDoc:entrySource:entryType:externalId:isMyEyesOnly:isDirectorModeDraft:isFromCameraRoll:isAutoSave:overrideCaptureSessionId:clientProcessingType:]	
101df12d8	101df130f	decompiled	chunks/005/functions-000339.c		
101df1310	101df14df	decompiled	chunks/005/functions-000339.c		
101df14e0	101df1553	decompiled	chunks/005/functions-000339.c		
101df1554	101df1593	decompiled	chunks/005/functions-000339.c		
101df1594	101df15c7	decompiled	chunks/005/functions-000339.c		
101df15c8	101df1943	decompiled	chunks/005/functions-000339.c	-[_TtC24MemoriesSaveServicesImpl19MemoriesSaveManager saveNewSnapWithSnapDoc:snapId:entryId:entrySource:entryType:entryTitle:entrySubtitle:clientGeneratedSnapMetadata:featuredExpirationTimeUtc:]	
101df1944	101df19c7	decompiled	chunks/005/functions-000339.c		
101df19c8	101df1bfb	decompiled	chunks/005/functions-000339.c		
101df1bfc	101df1c8f	decompiled	chunks/005/functions-000339.c		
101df1c90	101df1cf3	decompiled	chunks/005/functions-000339.c		
101df1cf4	101df1d4f	decompiled	chunks/005/functions-000339.c		
101df1d50	101df1dab	decompiled	chunks/005/functions-000339.c		
101df1dac	101df2073	decompiled	chunks/005/functions-000339.c		
101df2074	101df20db	decompiled	chunks/005/functions-000339.c		
101df20dc	101df21db	decompiled	chunks/005/functions-000339.c		
101df21dc	101df2227	decompiled	chunks/005/functions-000339.c		
101df2228	101df2297	decompiled	chunks/005/functions-000339.c		
101df2298	101df2373	decompiled	chunks/005/functions-000339.c	-[_TtC24MemoriesSaveServicesImpl19MemoriesSaveManager saveEditedSnapWithSnapDoc:existingEntryId:snapIdToReplace:overrideCaptureSessionId:]	
101df2374	101df249b	decompiled	chunks/005/functions-000339.c		
101df249c	101df251b	decompiled	chunks/005/functions-000339.c		
101df251c	101df2737	decompiled	chunks/005/functions-000339.c		
101df2738	101df27cb	decompiled	chunks/005/functions-000339.c		
101df27cc	101df282f	decompiled	chunks/005/functions-000339.c		
101df2830	101df288b	decompiled	chunks/005/functions-000339.c		
101df288c	101df28e7	decompiled	chunks/005/functions-000339.c		
101df28e8	101df2b67	decompiled	chunks/005/functions-000339.c		
101df2b68	101df2bcf	decompiled	chunks/005/functions-000339.c		
101df2bd0	101df2ccf	decompiled	chunks/005/functions-000339.c		
101df2cd0	101df2d1b	decompiled	chunks/005/functions-000339.c		
101df2d1c	101df2d8b	decompiled	chunks/005/functions-000339.c		
101df2d8c	101df2e4b	decompiled	chunks/005/functions-000339.c	-[_TtC24MemoriesSaveServicesImpl19MemoriesSaveManager saveEditedSnapWithSnapDoc:existingEntryId:snapIdToReplace:isDirectorModeDraft:]	
101df2e4c	101df3037	decompiled	chunks/005/functions-000339.c		
101df3038	101df30a7	decompiled	chunks/005/functions-000339.c		
101df30a8	101df322b	decompiled	chunks/005/functions-000339.c		
101df322c	101df32af	decompiled	chunks/005/functions-000339.c		
101df32b0	101df32ff	decompiled	chunks/005/functions-000339.c		
101df3300	101df3353	decompiled	chunks/005/functions-000339.c		
101df3354	101df335f	decompiled	chunks/005/functions-000339.c	-[_TtC24MemoriesSaveServicesImpl19MemoriesSaveManager saveCameraRollImageWithImage:cameraRollId:creationDate:isMyEyesOnly:]	
101df3360	101df3517	decompiled	chunks/005/functions-000339.c		
101df3518	101df3587	decompiled	chunks/005/functions-000339.c		
101df3588	101df370b	decompiled	chunks/005/functions-000339.c		
101df370c	101df378f	decompiled	chunks/005/functions-000339.c		
101df3790	101df379b	decompiled	chunks/005/functions-000339.c	-[_TtC24MemoriesSaveServicesImpl19MemoriesSaveManager saveCameraRollVideoWithVideo:cameraRollId:creationDate:isMyEyesOnly:]	
101df379c	101df38a7	decompiled	chunks/005/functions-000339.c		
101df38a8	101df3a7f	decompiled	chunks/005/functions-000339.c		
101df3a80	101df3b9f	decompiled	chunks/005/functions-000339.c	-[_TtC24MemoriesSaveServicesImpl19MemoriesSaveManager saveStoryImage:creationDate:duration:isDurationInfinite:location:isMyEyesOnly:isFromCameraRoll:]	
101df3ba0	101df3ceb	decompiled	chunks/005/functions-000339.c		
101df3cec	101df3dfb	decompiled	chunks/005/functions-000339.c	-[_TtC24MemoriesSaveServicesImpl19MemoriesSaveManager saveStoryVideo:creationDate:isDurationInfinite:location:isMyEyesOnly:isFromCameraRoll:]	
101df3dfc	101df3eff	decompiled	chunks/005/functions-000339.c		
101df3f00	101df3f1f	decompiled	chunks/005/functions-000339.c		
101df3f20	101df40c3	decompiled	chunks/005/functions-000339.c		
101df40c4	101df413b	decompiled	chunks/005/functions-000339.c		
101df413c	101df418f	decompiled	chunks/005/functions-000339.c		
101df4190	101df42d3	decompiled	chunks/005/functions-000339.c		
101df42d4	101df4327	decompiled	chunks/005/functions-000339.c		
101df4328	101df4443	decompiled	chunks/005/functions-000339.c		
101df4444	101df44cb	decompiled	chunks/005/functions-000339.c	-[_TtC24MemoriesSaveServicesImpl19MemoriesSaveManager saveStoryWithTitle:snapIds:]	
101df44cc	101df44ef	decompiled	chunks/005/functions-000339.c		
101df44f0	101df45bf	decompiled	chunks/005/functions-000339.c		
101df45c0	101df4613	decompiled	chunks/005/functions-000339.c		
101df4614	101df499b	decompiled	chunks/005/functions-000339.c		
101df499c	101df4a57	decompiled	chunks/005/functions-000339.c		
101df4a58	101df4ac3	decompiled	chunks/005/functions-000339.c		
101df4ac4	101df4b33	decompiled	chunks/005/functions-000339.c		
101df4b34	101df4be3	decompiled	chunks/005/functions-000339.c		
101df4be4	101df5863	decompiled	chunks/005/functions-000339.c		
101df5864	101df5883	decompiled	chunks/005/functions-000339.c		
101df5884	101df5933	decompiled	chunks/005/functions-000339.c		
101df5934	101df59a3	decompiled	chunks/005/functions-000339.c		
101df59a4	101df5b0b	decompiled	chunks/005/functions-000339.c		
101df5b0c	101df5b87	decompiled	chunks/005/functions-000339.c		
101df5b88	101df5c0f	decompiled	chunks/005/functions-000339.c		
101df5c10	101df5cc3	decompiled	chunks/005/functions-000339.c		
101df5cc4	101df604b	decompiled	chunks/005/functions-000339.c		
101df604c	101df6067	decompiled	chunks/005/functions-000339.c		
101df6068	101df6117	decompiled	chunks/005/functions-000339.c		
101df6118	101df6187	decompiled	chunks/005/functions-000339.c		
101df6188	101df626b	decompiled	chunks/005/functions-000339.c		
101df626c	101df62b7	decompiled	chunks/005/functions-000339.c		
101df62b8	101df62cf	decompiled	chunks/005/functions-000339.c		
101df62d0	101df6373	decompiled	chunks/005/functions-000339.c		
101df6374	101df63db	decompiled	chunks/005/functions-000339.c		
101df63dc	101df64b7	decompiled	chunks/005/functions-000339.c		
101df64b8	101df6503	decompiled	chunks/005/functions-000339.c		
101df6504	101df654f	decompiled	chunks/005/functions-000339.c		
101df6550	101df65fb	decompiled	chunks/005/functions-000339.c		
101df65fc	101df6617	decompiled	chunks/005/functions-000339.c		
101df6618	101df6697	decompiled	chunks/005/functions-000339.c		
101df6698	101df6793	decompiled	chunks/005/functions-000339.c		
101df6794	101df67bb	decompiled	chunks/005/functions-000339.c		
